---decision_tree---

accuracy = 0.862107623318
precision = 0.871314775005
recall_score = 0.862107623318
f1_score = 0.859633559493


---random_tree---

accuracy = 0.862107623318
precision = 0.871314775005
recall_score = 0.862107623318
f1_score = 0.859633559493


---keras model---

accuracy = 0.9461883410744603
precision = 0.952873517643892
recall_score = 0.9461883410744603
f1_score = 0.932987435826454

